4.230200506885554712e-01
4.295914978327399769e-01
4.181467426231810225e-01
4.140326476454388449e-01
4.027638173315207792e-01
3.987166971938783111e-01
3.913628488527423066e-01
3.943736178517009972e-01
3.976158604696082288e-01
3.990758162329465231e-01
3.935457385342054359e-01
3.928817410981162994e-01
3.919380146407606125e-01
3.908318561970863247e-01
3.905971597695172548e-01
3.920723770318879087e-01
3.939001244362456688e-01
3.924069202857504712e-01
3.922534550087468097e-01
3.942200793591643104e-01
