6.006296180600813051e-01
5.967434669172488881e-01
5.935817545439263654e-01
5.910707620146867791e-01
5.900076448525156669e-01
5.898435908323302890e-01
5.885619646975481789e-01
5.914051773808232104e-01
5.885140658878676989e-01
5.892714129119608346e-01
5.919748530104644857e-01
5.909328123064728766e-01
5.906343917768031027e-01
5.939653411051031284e-01
5.917136164356980865e-01
5.931361675102926334e-01
5.927620468037373413e-01
5.946054537563022491e-01
5.934227033378209892e-01
5.939560190294731479e-01
