5.874733771682120187e-01
6.178181146722636630e-01
6.166563559458179133e-01
6.232005270116328655e-01
6.177961637523992078e-01
6.127638139166036169e-01
6.105161319209024828e-01
6.060843792720918000e-01
5.999977626256172147e-01
6.007585256860331624e-01
6.004487588420246436e-01
5.962453079658261990e-01
5.955493617764434644e-01
5.965978583702203908e-01
5.932426815532567677e-01
5.904925278823105472e-01
5.906130346383703378e-01
5.897994679276854502e-01
5.916166246668370654e-01
5.912702079429836832e-01
