5.705581989578937252e-01
5.735805172814625319e-01
5.697705778279866795e-01
5.898018778215090574e-01
5.806619224009388347e-01
5.836634499430491951e-01
5.889183939758317887e-01
5.888182870752100007e-01
5.903082439190929787e-01
5.951519411492154354e-01
5.933578772014406200e-01
5.930430787571233653e-01
5.916857545462070878e-01
5.944206812702098608e-01
5.893787556145113626e-01
5.889428604185638072e-01
5.897806794851757628e-01
5.898953819803952614e-01
5.899638445683093035e-01
5.898291716697733333e-01
