6.046814929604885647e-01
5.994935191839935174e-01
6.009950065881423109e-01
5.950838751835026974e-01
5.922082337254879203e-01
5.892803038650407110e-01
5.909688760170828115e-01
5.922304034583760757e-01
5.857482353408122178e-01
5.848159854410376335e-01
5.835619131826099704e-01
5.860655370275480447e-01
5.876539753087186568e-01
5.867136471775834528e-01
5.843013296954439051e-01
5.878319164732439539e-01
5.902405094895205595e-01
5.896142554527253887e-01
5.875902705550517524e-01
5.879112778178919863e-01
