5.059953187978927236e-01
5.217014758035629640e-01
5.125049955356418829e-01
5.163250788056584772e-01
5.146665872458331403e-01
5.110721627708256776e-01
5.158423450975433422e-01
5.146338298400804367e-01
5.173242668093274155e-01
5.201062160546746638e-01
5.218783957405033203e-01
5.252925304856869149e-01
5.232423911414620932e-01
5.260528998220358465e-01
5.261124351619509421e-01
5.272911439542132817e-01
5.268702794940794965e-01
5.301646411089407929e-01
5.317428470709447685e-01
5.306096240888973359e-01
