5.610817991728946907e-01
5.702454262013303410e-01
5.639290421586948820e-01
5.593782846516062168e-01
5.653285011598107035e-01
5.621510557045767964e-01
5.626202767442393116e-01
5.613762625901340675e-01
5.628275005424447919e-01
5.643200735566814563e-01
5.669372708888908985e-01
5.721103088162963202e-01
5.723685411852877936e-01
5.691435172919477870e-01
5.719124459561083507e-01
5.750956021717034128e-01
5.733447225702776873e-01
5.741903043793540329e-01
5.750183567919551209e-01
5.730284530792691955e-01
