3.687296327958712316e-01
3.868774643260252111e-01
3.928176303928501700e-01
3.958245304873077020e-01
4.052606804578207655e-01
4.050926717256304044e-01
4.040155972344997015e-01
4.128762945832334386e-01
4.085113852814726276e-01
4.108218726397488973e-01
4.118938884984270632e-01
4.106440607722247615e-01
4.084135614477845677e-01
4.098607153811690273e-01
4.092761072506761466e-01
4.107552494081824213e-01
4.130290972486266310e-01
4.127181449132830138e-01
4.113355698409722483e-01
4.088325737047739383e-01
