4.892287416801737732e-01
5.204466390248881913e-01
5.159948321601969257e-01
5.245889358548716519e-01
5.267480781955846680e-01
5.420518994737021368e-01
5.383537138808437428e-01
5.361731738282808912e-01
5.334449851760795225e-01
5.358811774805266603e-01
5.398401628128270957e-01
5.354405742336039165e-01
5.333591944755130543e-01
5.331931282400109717e-01
5.356081514519470677e-01
5.347512471915083498e-01
5.331995751169501530e-01
5.337896482747195304e-01
5.342872266492171285e-01
5.348756917412076373e-01
