4.521930025551964549e-01
4.141052108802420473e-01
4.179133512952092899e-01
4.181463882000636123e-01
4.251938989254441803e-01
4.309407601865428705e-01
4.301071415765514994e-01
4.315679399571586972e-01
4.279864495843886396e-01
4.306935827939925021e-01
4.317892978882517108e-01
4.336283128382403818e-01
4.311383994357002036e-01
4.302269323155542557e-01
4.321535421675484767e-01
4.306168501554818451e-01
4.304154618753677219e-01
4.299961890852005419e-01
4.345129078287937041e-01
4.342599255059645946e-01
