5.389775831665392092e-01
5.270522700068831501e-01
5.288238038256942719e-01
5.272466376456755865e-01
5.200279600878945363e-01
5.167896689029437551e-01
5.145635043478532511e-01
5.160731513789078573e-01
5.210064330404203803e-01
5.204477520740808938e-01
5.192815426453526451e-01
5.167877915338049410e-01
5.169956205363758217e-01
5.163986399609021838e-01
5.137973466046440452e-01
5.124725471705295909e-01
5.147144313654916647e-01
5.160456643607578275e-01
5.155864377436937263e-01
5.148013717476073170e-01
