5.603060972199647161e-01
5.668152661128789127e-01
5.645635405317429578e-01
5.652700327776376543e-01
5.580143965090414993e-01
5.559560343651044345e-01
5.591984884160655644e-01
5.580968965269602622e-01
5.580969395576271808e-01
5.572731463663264107e-01
5.599900657600774823e-01
5.628695646324196611e-01
5.638329851571756146e-01
5.652350145014407579e-01
5.673956836733917708e-01
5.697844725699759971e-01
5.712247980901001831e-01
5.702125121081992321e-01
5.694250308527128990e-01
5.701644256774893726e-01
