3.598705477658163954e-01
3.851580323800589123e-01
3.903647867241960001e-01
3.949773189831368714e-01
3.972231171196951571e-01
3.937043606907448812e-01
3.977318092885652190e-01
4.007038750324810605e-01
4.029703549951305086e-01
4.039416913309240020e-01
4.062754285011775379e-01
4.073183505152862538e-01
4.067083900997557899e-01
4.079297844281324914e-01
4.074152611174511329e-01
4.051973503838928181e-01
4.055820903064397132e-01
4.004544883958944257e-01
3.997217881334509393e-01
4.010023619663754535e-01
