6.049713195234984742e-01
6.070249576419196602e-01
6.065083318534053580e-01
6.042695930316064334e-01
6.031265468990383294e-01
6.021119103582341925e-01
6.011117555173038918e-01
5.966998511489598478e-01
5.943830039155560963e-01
5.952275986562616250e-01
5.959734974047123934e-01
5.944807754908597586e-01
5.962197037545865497e-01
5.973569633894494357e-01
5.973896714820660092e-01
5.958196871624888979e-01
5.937450275457508697e-01
5.945070977339411700e-01
5.945914307843513935e-01
5.943202387334400871e-01
