4.141738147627957445e-01
4.094766585310429807e-01
3.983378594213107804e-01
4.054301120405885417e-01
4.121334986115461341e-01
4.024042828390730353e-01
4.052059305603733508e-01
4.023096859678408910e-01
4.042828222937689953e-01
3.984867900997910439e-01
3.961568699307883024e-01
3.961205852004927030e-01
3.979621294477767579e-01
3.992905985519766832e-01
3.979405878176702771e-01
3.940915681630364764e-01
3.952420173011428339e-01
3.961084862337178047e-01
4.002281270303923999e-01
3.988777790442360471e-01
