6.067406426769583749e-01
5.934286802313474274e-01
5.826158942969229537e-01
5.698204727635576283e-01
5.731728580675651274e-01
5.651438585230100786e-01
5.664793010777502413e-01
5.632980856389455671e-01
5.603829841896410535e-01
5.574173243341711270e-01
5.542551982763226359e-01
5.529736762823693752e-01
5.539931367120677352e-01
5.512563268364643054e-01
5.521777701357606372e-01
5.535420590766644278e-01
5.537316603554695016e-01
5.526284837870969469e-01
5.515887069769545015e-01
5.536393287086405213e-01
