6.058883256500251502e-01
6.109751283505380215e-01
5.993853246277630609e-01
5.971914789061563145e-01
5.889807252770875579e-01
5.800258033316971762e-01
5.716248336644201844e-01
5.724384521089338485e-01
5.737129484231251464e-01
5.702263966234878412e-01
5.712607803974895093e-01
5.733844611410402470e-01
5.764364878444400153e-01
5.781849290089746685e-01
5.753365671000224557e-01
5.767242107154810782e-01
5.797389421212804095e-01
5.779244785098687220e-01
5.787096740226052027e-01
5.782405247981905472e-01
