6.148676281469049876e-01
5.974731502154573271e-01
5.820690898078951792e-01
5.851426399890625740e-01
5.805265069902848518e-01
5.867592675104635891e-01
5.842835876858921695e-01
5.830142086197676043e-01
5.811846757152456799e-01
5.805563032827015801e-01
5.830270782452554590e-01
5.859870362461812032e-01
5.848060594435235959e-01
5.882496412580845435e-01
5.873324692260267765e-01
5.867327914484553597e-01
5.873451501292393795e-01
5.859219116056908483e-01
5.854275076889714491e-01
5.862806535133446850e-01
