4.357328120254203574e-01
4.451597026541009861e-01
4.597128173571687348e-01
4.703101716141536159e-01
4.796873540743420428e-01
4.778989387340771278e-01
4.832663183467966195e-01
4.841420450336080261e-01
4.863949799208860392e-01
4.841690558654482279e-01
4.829548217033126645e-01
4.847224183768489847e-01
4.840576234276546819e-01
4.818462768243310657e-01
4.839570573566105427e-01
4.813943020175455167e-01
4.803715418077946220e-01
4.834548663990542727e-01
4.852368070142379364e-01
4.860317665231820294e-01
