5.684950475087153787e-01
5.827960053145441188e-01
5.918954561900412470e-01
5.816697275960935887e-01
5.830255676865718772e-01
5.815919439817981429e-01
5.861876944109010168e-01
5.885726504172315021e-01
5.893582499751572890e-01
5.898978598906123860e-01
5.914216912990838404e-01
5.888154825721430008e-01
5.912671357160330654e-01
5.904118914711179444e-01
5.897115618496562295e-01
5.916088696763579513e-01
5.944566872299534843e-01
5.919101712197926135e-01
5.929827081965083346e-01
5.923718524307041156e-01
