6.355153539151681130e-01
6.173893117543582942e-01
5.927011996541419192e-01
5.795865075500177266e-01
5.753327554091351992e-01
5.739920730846502783e-01
5.693558101577267383e-01
5.710431960239000793e-01
5.643609586587422511e-01
5.633939478664947709e-01
5.618971671394850098e-01
5.568127717809762123e-01
5.549451467724044740e-01
5.525986041593201614e-01
5.506786413240587486e-01
5.502566210127413093e-01
5.513745738975073252e-01
5.514470953613022086e-01
5.504998852817132304e-01
5.499478446614819438e-01
