3.981705160834095314e-01
4.131213653812925157e-01
4.265624239105840210e-01
4.172839246529964630e-01
4.091832044704648008e-01
4.149504958891705453e-01
4.110658269132710374e-01
4.100412573637807756e-01
4.079997484609222402e-01
4.073591724389655222e-01
4.016050021948306403e-01
3.976861212683842628e-01
3.999286380635437843e-01
3.988506304894623433e-01
3.964757225644458538e-01
3.942017787065529300e-01
3.964794114198343378e-01
3.960323046220255438e-01
3.991177769040595291e-01
3.986654353201604106e-01
