5.009279646729621893e-01
5.084303148333991773e-01
5.021682277202147437e-01
5.220399598297257304e-01
5.251545762582450205e-01
5.378823283194529292e-01
5.372545141042940342e-01
5.421871280698711271e-01
5.379483659305406285e-01
5.369658728571549133e-01
5.377351870920653587e-01
5.409510069577246894e-01
5.461089187722939498e-01
5.489350780931999685e-01
5.466371126403630765e-01
5.437910088071196135e-01
5.460105648590017902e-01
5.458596660171870507e-01
5.448597375890326111e-01
5.462924144737079102e-01
