4.612085010458016332e-01
4.652325682787213923e-01
4.453210374047608666e-01
4.412203690469442274e-01
4.450179167570295635e-01
4.459805429174538705e-01
4.433799720154913415e-01
4.399675498656787642e-01
4.404706431878387951e-01
4.347390297039289142e-01
4.330191883716017487e-01
4.320629357919174574e-01
4.355502394516822529e-01
4.358587010509369919e-01
4.372873265612255422e-01
4.350689228441854128e-01
4.345135092161244161e-01
4.365262635408638792e-01
4.359911406644068621e-01
4.373678197509657251e-01
