5.808939126347080206e-01
5.956210843666991384e-01
5.981671576522091804e-01
6.083485325239833541e-01
6.114103267399706443e-01
6.065466446038175752e-01
6.053512976878737684e-01
6.012426546055484877e-01
6.043466099848108231e-01
6.031225869152011532e-01
6.022061722130788164e-01
6.025807787452542863e-01
6.012675368080971916e-01
6.007621522759369892e-01
6.013597471560864216e-01
5.975726123435392001e-01
6.010240518441568591e-01
6.011041130447851710e-01
6.001870865503432517e-01
5.997644330560115700e-01
