5.372863966608811825e-01
5.553944800655996605e-01
5.320808425447867140e-01
5.347505128729039825e-01
5.266398920370262138e-01
5.291045792490390864e-01
5.363648330546865184e-01
5.330082927773946988e-01
5.313682679061553227e-01
5.335166627289148478e-01
5.396942804798406934e-01
5.401488420574661609e-01
5.396938773388308963e-01
5.403993680773790942e-01
5.402521145772566369e-01
5.412242118005510250e-01
5.388563552089037367e-01
5.381591877682569969e-01
5.381274499319149696e-01
5.375848770935361953e-01
