5.847569577722943057e-01
5.938104305052763765e-01
5.817915715221041451e-01
5.784900351045874078e-01
5.851658682917296739e-01
5.873081268741614513e-01
5.976946323563849806e-01
5.976098968593142047e-01
5.973847366496859435e-01
6.032370336595315186e-01
6.007747249749109120e-01
5.984259773889225587e-01
6.027693871353230204e-01
6.018510688325976465e-01
6.056285981883748892e-01
6.037239038606188046e-01
6.030212688733026516e-01
6.021934339417696069e-01
6.024567270947462916e-01
6.020143440418032066e-01
