5.484155355795095055e-01
5.527104154098385624e-01
5.558619799694208830e-01
5.518214697108936306e-01
5.509367872297115110e-01
5.345660922981327889e-01
5.338908122868353257e-01
5.336217832477057055e-01
5.315836438087538918e-01
5.292911590140081390e-01
5.322314617635423017e-01
5.326502171847157241e-01
5.290557804705845468e-01
5.304534825100988282e-01
5.286707799959808884e-01
5.281798037116288702e-01
5.273103495700270926e-01
5.264985162774818983e-01
5.256773382535080419e-01
5.233372674518127488e-01
