6.534906342252169154e-01
6.180017314436063725e-01
5.999334797061335323e-01
5.981714608163223312e-01
6.020235733776713172e-01
6.020144126712559940e-01
6.043722338091239710e-01
6.013802384537577650e-01
6.035084407648038107e-01
6.006973860939950338e-01
6.021407909803973002e-01
6.036611157615685563e-01
6.021500199383489349e-01
5.985263824719858627e-01
5.978156961088193500e-01
5.951867736903881934e-01
5.940721076910144838e-01
5.932603128128949299e-01
5.969425507943776354e-01
5.945839011764928461e-01
