4.737563264901180626e-01
5.052907353863773654e-01
4.934276034499294195e-01
5.053190282642832099e-01
5.032407815173620680e-01
5.074834714552481918e-01
5.068404940898496580e-01
5.047996754592107838e-01
5.116106815908445515e-01
5.125481748748466071e-01
5.104556921927069224e-01
5.135237272053378987e-01
5.134959548932980233e-01
5.156335562519763771e-01
5.173671630905397611e-01
5.162378943751828597e-01
5.192494769037312441e-01
5.199666366869390988e-01
5.193761978268791601e-01
5.194662299136492134e-01
