4.093526409022963941e-01
4.150220901705165000e-01
4.046862846588766272e-01
4.164622484398185498e-01
4.113033140253303799e-01
4.164318605016056885e-01
4.170926479696858147e-01
4.143235024423802537e-01
4.117176800047011032e-01
4.167179927946483842e-01
4.148278657727145213e-01
4.157578174220037392e-01
4.141064443181673438e-01
4.152353887447848835e-01
4.154257529972075758e-01
4.100809583791225066e-01
4.067732858786456962e-01
4.074390155099369415e-01
4.071988179797856322e-01
4.082910705901771076e-01
