5.884140200485661332e-01
6.057040851231716427e-01
6.072346582296074269e-01
5.998780233754612556e-01
6.006778471922797902e-01
5.984750280379736997e-01
5.993381129522746820e-01
5.983346254725900870e-01
6.003272552456428990e-01
5.977379819495655111e-01
6.010856511948566849e-01
6.006341909604272500e-01
5.990101295345791055e-01
5.923265012085298098e-01
5.934846821173951348e-01
5.933945596308789483e-01
5.896888076873390006e-01
5.898648532051889992e-01
5.881946339038492955e-01
5.893917023752177631e-01
