5.502413848408664876e-01
5.409683486602534508e-01
5.551835476970518046e-01
5.578372365482452411e-01
5.618697499637467230e-01
5.548253512973543300e-01
5.489295508556885084e-01
5.520627670797493280e-01
5.536936912139164280e-01
5.554009998275240001e-01
5.552364864263785726e-01
5.540679593104504974e-01
5.500192724416610446e-01
5.453768250476779267e-01
5.447543290135158367e-01
5.452186429306566939e-01
5.441857861307271005e-01
5.437973157199442742e-01
5.446309417723314006e-01
5.454661201520132341e-01
