5.804554185309801495e-01
5.928861324636873764e-01
5.829901606325141872e-01
5.882427352745792648e-01
5.770969111639980831e-01
5.786605935523919664e-01
5.772390629380613758e-01
5.745544229959371751e-01
5.726416493033137378e-01
5.766964345840398520e-01
5.758453027037845340e-01
5.776094881109988810e-01
5.756143574223847592e-01
5.756039102588964562e-01
5.794361337411056967e-01
5.785869019173524030e-01
5.802673886165337080e-01
5.787953120516301508e-01
5.826942855694953183e-01
5.820588393215048173e-01
