3.795406510279097922e-01
4.091619306387351829e-01
4.019688861644219458e-01
4.111608809569443634e-01
4.173108360200956102e-01
4.193905921411106852e-01
4.107448426158256116e-01
4.137375606201218470e-01
4.124383727485053663e-01
4.083817934479703204e-01
4.074630063709280825e-01
4.072180549870010324e-01
4.101072994683293560e-01
4.093088852247594445e-01
4.071553592876765437e-01
4.068398872554940815e-01
4.065369584306144368e-01
4.058165521866269887e-01
4.046008705955848050e-01
4.021638114655148866e-01
