5.583029771334849789e-01
5.767034286497050299e-01
5.680115193324277723e-01
5.574868204545234684e-01
5.587545679654406516e-01
5.523553291117576647e-01
5.504392518562725156e-01
5.491948378078890247e-01
5.486893141818972586e-01
5.489491657189774498e-01
5.488834014016986673e-01
5.494019763260030720e-01
5.481266281908742100e-01
5.456859657808885711e-01
5.449912142915870339e-01
5.462684889357209972e-01
5.408761756881677041e-01
5.398025454065575879e-01
5.424754130410437414e-01
5.394188064634535262e-01
