5.712790370484546187e-01
5.866343414142164425e-01
5.936522019192019828e-01
5.871127975322194548e-01
5.865876480959743011e-01
5.929869626858385034e-01
5.855039910201700337e-01
5.849728373837246309e-01
5.876840447319129357e-01
5.864294322330015907e-01
5.847000056718075767e-01
5.842346254763213231e-01
5.861664166881274118e-01
5.855199709467354685e-01
5.865781613480224310e-01
5.875483196882860248e-01
5.860260363527866057e-01
5.856152163384077403e-01
5.836270910851342197e-01
5.816942498420459851e-01
