5.074755255763188089e-01
4.894703092116227117e-01
5.089404653803047962e-01
5.216658292904786665e-01
5.264304642910789811e-01
5.236961630288583525e-01
5.158347827566918120e-01
5.237229554049833702e-01
5.266546524236224158e-01
5.255351306467965777e-01
5.242743685160686784e-01
5.221952959011718631e-01
5.205948153828292568e-01
5.222951946248922672e-01
5.199361912163701360e-01
5.204819967582117179e-01
5.170919560770175227e-01
5.193182269240957938e-01
5.169727793475631383e-01
5.171817128823513743e-01
