5.887886781147011472e-01
6.139893076558812224e-01
6.072205740352661918e-01
6.109939178292536077e-01
6.055123995247181368e-01
6.061928374680278786e-01
6.029977016599632478e-01
6.048897120585107201e-01
6.059165648070972132e-01
6.074076123340204081e-01
6.060061036670877366e-01
6.067209590604942804e-01
6.047399818365872814e-01
6.044396107622420633e-01
6.040438031091672766e-01
5.989943712631973227e-01
5.986383104150481138e-01
5.971612085341009291e-01
5.966474334903937304e-01
5.965000610821276084e-01
