4.525020594129486873e-01
4.568252847879317180e-01
4.544523557023528171e-01
4.609350252194136521e-01
4.575723289447310438e-01
4.489377781320323391e-01
4.572314571091452007e-01
4.543112770978337545e-01
4.521357991050387048e-01
4.464357317959436466e-01
4.406159059798525623e-01
4.411966327588234260e-01
4.392693416160944886e-01
4.385768242245774995e-01
4.392175615157930535e-01
4.404623929876687605e-01
4.401181867955357152e-01
4.403979158809026018e-01
4.409695634132142494e-01
4.414021258244641421e-01
