5.512402453592337714e-01
5.539527768843315325e-01
5.632799746724337364e-01
5.707465765067792907e-01
5.638990881689588397e-01
5.603674358974098935e-01
5.660089347224628309e-01
5.684683020358209937e-01
5.657398828453980011e-01
5.640078995462382005e-01
5.675563102315867026e-01
5.669263448651269410e-01
5.680290441414991287e-01
5.710417120663262569e-01
5.703372529496598675e-01
5.706993453731935562e-01
5.720633382123040400e-01
5.749872439929424317e-01
5.707156146287301057e-01
5.700617408495941563e-01
