6.446504388582336986e-01
6.133393946945172592e-01
6.122670858636083402e-01
6.032475806499157933e-01
5.979871833242655921e-01
6.054558357282350256e-01
6.073605411093040418e-01
6.082349203683579120e-01
6.081132656991496965e-01
6.079294301338322715e-01
6.065992944992649738e-01
6.049547451068449933e-01
6.026571733927391650e-01
6.025368633915361150e-01
6.009655930655660727e-01
5.979857558023364827e-01
5.995588707052247335e-01
6.000357271129261871e-01
6.009354533514869035e-01
5.972568141663405772e-01
