6.415530483622338132e-01
6.178937275046028077e-01
6.054187517353250003e-01
6.051522499144601497e-01
6.010637833155184628e-01
5.948229836132836734e-01
5.947210995666291078e-01
5.925312322855058600e-01
5.940843541443103781e-01
5.928611258192932887e-01
5.932268652442178603e-01
5.940584952213078251e-01
5.972054276937827089e-01
5.971223910140514013e-01
5.956002602024750292e-01
5.927949109858143828e-01
5.913992693674309242e-01
5.880712621785353367e-01
5.880039712860279932e-01
5.893493625607419961e-01
