5.675555720530088832e-01
5.624759801499710221e-01
5.565402302224127240e-01
5.492957398016138360e-01
5.496940640292956592e-01
5.455677967794484440e-01
5.479914148558171494e-01
5.481192769937169862e-01
5.479374825422113071e-01
5.490990702395928125e-01
5.467348182464539796e-01
5.465868537713178821e-01
5.418081376407813954e-01
5.412415683919644671e-01
5.428101442557121681e-01
5.445680320419525877e-01
5.463589518377336418e-01
5.501361884231426025e-01
5.483775732288341809e-01
5.491338574596599242e-01
