5.681898513320204902e-01
5.697585383372636425e-01
5.846361976040718167e-01
5.877499330219415619e-01
5.952807423753057048e-01
5.881943491462005014e-01
5.820646507410602855e-01
5.776724038671823269e-01
5.735220177030873057e-01
5.769915014578260726e-01
5.756429030956146109e-01
5.730822762841252249e-01
5.703137674848119953e-01
5.698039903005113205e-01
5.720508789855927034e-01
5.722249763875066897e-01
5.711835494017728498e-01
5.714209632788056492e-01
5.706409335261305449e-01
5.711034661339042806e-01
