5.683547506496378077e-01
5.489975661030590537e-01
5.417273961712724129e-01
5.532030642921983432e-01
5.570106916800248165e-01
5.454913373481758976e-01
5.414692052016120138e-01
5.398376307009085107e-01
5.416194299701428960e-01
5.419133724723046441e-01
5.408425443192546034e-01
5.405681155644784797e-01
5.423326014962283059e-01
5.439457158518486990e-01
5.431648483340727473e-01
5.436199521405946644e-01
5.462466056589034835e-01
5.443103619753664191e-01
5.433251021626848143e-01
5.422496256620983335e-01
