4.459576486918162552e-01
4.345668552235456006e-01
4.218993701811368791e-01
4.039793404797415999e-01
4.042925775450700310e-01
4.081052673053691682e-01
4.096858355326154499e-01
4.081012113450188106e-01
4.108612602339937747e-01
4.117794444387228303e-01
4.061777703458142597e-01
4.034971434961791004e-01
3.990585125295336155e-01
3.982722444948754159e-01
3.990483759678982167e-01
3.979107589750601193e-01
4.007473262415969795e-01
4.005570361009160862e-01
3.982685323386464527e-01
3.995580756516710075e-01
