5.615020027379095113e-01
5.763438612821387697e-01
5.808129576181166875e-01
5.773368443493915869e-01
5.761176978247563030e-01
5.835988791163045919e-01
5.883267731284796964e-01
5.897043000313273442e-01
5.939679312119239274e-01
5.966175586035097345e-01
5.936548381838085975e-01
5.924875084054948005e-01
5.912753653516408248e-01
5.892614080041260749e-01
5.902595672632346968e-01
5.896142377221743613e-01
5.929255685114223073e-01
5.918563343516479724e-01
5.904884906205054573e-01
5.907451076524179445e-01
