5.867932803735507186e-01
5.812649594675005638e-01
5.603438001198260965e-01
5.579597978876739139e-01
5.560095196050015565e-01
5.570532757226969167e-01
5.620930687023395489e-01
5.612731362344941521e-01
5.586467292128280970e-01
5.564693425001350224e-01
5.582616362184528169e-01
5.558641902979862826e-01
5.579135767957317249e-01
5.576539289980567693e-01
5.576070786676222690e-01
5.592025046928683629e-01
5.594316800468996931e-01
5.575783329155852286e-01
5.553229042178851049e-01
5.545546734340276451e-01
