3.840580990123788063e-01
4.111045589968116420e-01
4.267871231700539614e-01
4.308584637837220566e-01
4.176592944438485278e-01
4.175139312163289040e-01
4.108927687696949382e-01
4.037092327500855782e-01
3.974454272848177427e-01
3.968600862816095143e-01
3.952262997314944792e-01
3.953383031345609200e-01
3.964433776788812702e-01
3.976804203629417667e-01
3.958886554234449240e-01
3.956699374445494799e-01
3.956476912207215202e-01
3.930850058929977742e-01
3.948353177443074680e-01
3.953087733608368626e-01
