5.244766558417124358e-01
5.050614074500974215e-01
5.171368895731529580e-01
5.005226886126521446e-01
4.971508326553388812e-01
4.988111429002778929e-01
4.938975309870968222e-01
4.950473159215965091e-01
4.989570479138232262e-01
4.953035725648491372e-01
4.973918002326798149e-01
4.960486663816599529e-01
4.979330242488094749e-01
4.965317492652366882e-01
4.958809990408090673e-01
4.936262308401881960e-01
4.940688451282895244e-01
4.936819013643404808e-01
4.953405393203242357e-01
4.960330577256387707e-01
