4.592717298901254352e-01
4.592233346152415630e-01
4.638491326541123727e-01
4.543194608828949876e-01
4.547128517794492564e-01
4.525157993564914993e-01
4.466892874011844095e-01
4.460875122204808196e-01
4.441923358690392787e-01
4.485880278758459516e-01
4.449467795725967068e-01
4.420419384615255076e-01
4.388040866263327455e-01
4.404570862954947930e-01
4.410286426784053027e-01
4.395863319895423338e-01
4.384749966953731537e-01
4.381304194696939991e-01
4.392227440883066936e-01
4.357200588023076304e-01
