6.283373860616976447e-01
6.254058286802273159e-01
6.094233092368209759e-01
6.007455165999291413e-01
6.092174005837349693e-01
6.109453054540116002e-01
6.072360733230992569e-01
6.024011637233075422e-01
6.009204690226132017e-01
6.000771398339328488e-01
6.034819763741767762e-01
6.023637067789120447e-01
5.996044335705270623e-01
5.965903391972187109e-01
5.945091926494515677e-01
5.957772567029204769e-01
5.968680663874905701e-01
5.985571536316957042e-01
5.982051599940289011e-01
5.967954553016294739e-01
