5.692068786212880482e-01
5.736797068916120734e-01
5.844666480838281997e-01
5.782036350706479810e-01
5.878196238356601100e-01
5.978814933429748013e-01
5.938085610943337755e-01
5.920577597196423625e-01
5.947266121276384432e-01
5.964966632330377383e-01
5.944608220048599456e-01
5.920270469385205958e-01
5.898173217637243670e-01
5.900283128742722649e-01
5.949800091125948542e-01
5.949058451799280611e-01
5.973919690395167459e-01
5.960226594110787923e-01
5.969018865754434078e-01
5.992213334347002984e-01
