5.885064323447517509e-01
5.712834181839222536e-01
5.958167713313131664e-01
5.934024969188176346e-01
5.949437363095436693e-01
5.995679269192112359e-01
5.954683815932411139e-01
5.978468334259079420e-01
5.978624417646518641e-01
5.955581696285501270e-01
5.948235942099903140e-01
5.925526257539944774e-01
5.903215181538953304e-01
5.918007171642560849e-01
5.924664994471822155e-01
5.920562515912382029e-01
5.947965719601218115e-01
5.941619345529352003e-01
5.936789902627608306e-01
5.921404347633429932e-01
