5.325119535887702371e-01
5.339791332954442193e-01
5.485628046040663675e-01
5.292944509163499678e-01
5.372338297121376227e-01
5.359569428014566705e-01
5.455165651140386762e-01
5.437123194771991130e-01
5.439267528240990801e-01
5.439722763832912644e-01
5.515300919378468558e-01
5.520639346584976792e-01
5.492556329483619937e-01
5.507041291868511879e-01
5.532590212205629188e-01
5.529376733903030861e-01
5.568913340304961768e-01
5.568374954555593837e-01
5.595426564047307760e-01
5.601893722922827168e-01
