4.152320783469227727e-01
3.978439559396446112e-01
3.917496784857157910e-01
4.033711842797094160e-01
4.009970021784844407e-01
4.016107030130831590e-01
4.038213392573966054e-01
4.003271536075282966e-01
3.982139630482195991e-01
4.010849606011687163e-01
4.069828020862535367e-01
4.098886357208229581e-01
4.136762350437105384e-01
4.091050656748289049e-01
4.038806635326592231e-01
4.017392890586943821e-01
4.000519873968755857e-01
3.977480455292410344e-01
3.975884234688911723e-01
3.985712992449247372e-01
