5.933844050246152024e-01
5.772951564240745848e-01
5.869383718956079354e-01
5.959923958740890315e-01
6.065409296960621033e-01
5.942047882996545072e-01
5.854035946112242650e-01
5.853597531901687523e-01
5.807006898244742032e-01
5.771477149761906622e-01
5.718969381818470588e-01
5.663536613893432881e-01
5.622701246628660776e-01
5.629302280010829440e-01
5.632695527550981573e-01
5.595663618004211859e-01
5.595633178503433003e-01
5.601547827829382875e-01
5.625070015075993579e-01
5.616214303863251711e-01
