5.716755417420138485e-01
5.408464954863785312e-01
5.274368773938222787e-01
5.227100584501471747e-01
5.277820050658672546e-01
5.365075770648281006e-01
5.285415899850558485e-01
5.288041619571179908e-01
5.322876921443725484e-01
5.352433705759818139e-01
5.331058300725662891e-01
5.306778810744633423e-01
5.331112618599392894e-01
5.303645922918693856e-01
5.321827846817146490e-01
5.298888696923576003e-01
5.369213039598911275e-01
5.389011916459801599e-01
5.389586026800875507e-01
5.384138476705702114e-01
