5.790682220995156948e-01
5.498830723694996259e-01
5.507559902879878289e-01
5.571122885413475334e-01
5.529207696951417006e-01
5.571606145130537646e-01
5.508384215152480889e-01
5.505056841597321116e-01
5.536761458609168463e-01
5.511124274589488392e-01
5.556569700343753082e-01
5.607397376015977875e-01
5.618280827363316687e-01
5.634286194924649216e-01
5.622415078325738724e-01
5.635124912750851811e-01
5.656068221538133045e-01
5.643670853723210534e-01
5.626635691425077024e-01
5.613969651515970938e-01
