4.452686627591230795e-01
4.352683100780778691e-01
4.251131613747082816e-01
4.156534954086826827e-01
4.012624603736479334e-01
4.055729095175376053e-01
4.010488903898741242e-01
4.054556507702892221e-01
4.103453560466883143e-01
4.065778225353208764e-01
4.052044395238551533e-01
4.041312549497211304e-01
4.034265928332713136e-01
4.037344709085566863e-01
4.058913931839555067e-01
4.067230154274685816e-01
4.076548950993425513e-01
4.108498652883614266e-01
4.112603912720184107e-01
4.110463729487604523e-01
