3.919343121155501319e-01
4.022158307252087228e-01
3.979000058547447760e-01
3.940493565629931694e-01
3.911437290111052789e-01
3.941317640386563514e-01
3.940168354496949021e-01
3.945037889216956861e-01
3.912052070585294583e-01
3.966878535461367816e-01
4.003486808785323148e-01
4.003186993999965360e-01
4.006373553562977974e-01
4.010440838813434383e-01
4.018326008325655008e-01
4.001606855276447772e-01
3.973378728200696042e-01
3.992409810508024681e-01
3.981706341947881533e-01
3.982444430637158694e-01
