5.497468685868095450e-01
5.606046322154261130e-01
5.638260382506051771e-01
5.669236924567816471e-01
5.753113964669344105e-01
5.768268175615780535e-01
5.772104517412584013e-01
5.770675410472261291e-01
5.769806668215839984e-01
5.754577054203517950e-01
5.768093200158427303e-01
5.784203949687219959e-01
5.809920202355691732e-01
5.801482032081467510e-01
5.807546500247978694e-01
5.815868512373021382e-01
5.816887763095389685e-01
5.814887961996654253e-01
5.817837895988183794e-01
5.808547278511740908e-01
