4.880350202939515714e-01
4.935050257194198986e-01
4.889448931816943733e-01
4.823420933921429010e-01
4.724065110947933133e-01
4.693553400530654507e-01
4.706312052533497825e-01
4.724777367546036944e-01
4.751017395058184101e-01
4.804108988090997068e-01
4.854733111233400789e-01
4.850520181044624124e-01
4.848914229446136814e-01
4.858254016253371055e-01
4.839506370227942278e-01
4.833677864885718156e-01
4.828264033464969573e-01
4.837667251084757369e-01
4.824823044262048777e-01
4.824207238238929496e-01
