5.368950215628168765e-01
5.366632781892781701e-01
5.311533381299970991e-01
5.207400735575288264e-01
5.251735290211548834e-01
5.264065595500110328e-01
5.261774196726054509e-01
5.291768428393183177e-01
5.306143930352154037e-01
5.306091803846453292e-01
5.305981577415702644e-01
5.286796184560752510e-01
5.264648264328030125e-01
5.268967948312306415e-01
5.275889795541470750e-01
5.262117722372011697e-01
5.261339658152044407e-01
5.230078970613875056e-01
5.248567932148668902e-01
5.251171999954886704e-01
