3.925421187948586188e-01
4.241634305878879130e-01
4.215465240814652570e-01
4.056962790437647626e-01
4.048257830491131526e-01
4.111032752296929771e-01
4.089968614563253557e-01
4.065983836402414786e-01
4.042428846874240866e-01
4.028801615281638604e-01
4.020937196628500687e-01
4.025506186626958693e-01
4.056671389486039558e-01
4.058978818700125779e-01
4.085176251016632842e-01
4.091458701390349728e-01
4.059795836600322283e-01
4.070654998263032454e-01
4.073536049560237404e-01
4.084658463830278530e-01
