5.650325222766802158e-01
5.754239912095686638e-01
5.877168098224555548e-01
5.867848429654807241e-01
5.726233472866628649e-01
5.880400196096998711e-01
5.848348854213157866e-01
5.841844164744823820e-01
5.793339274485216350e-01
5.822043216026904222e-01
5.885784869434869115e-01
5.879852006361729888e-01
5.919486622589179570e-01
5.929398512976673530e-01
5.965859169203249213e-01
5.958338700295631174e-01
5.957878065902586506e-01
5.953948915438718181e-01
5.919746893798789600e-01
5.936750548950160411e-01
