5.773527940782966494e-01
6.070917517072182967e-01
5.894372362003558186e-01
5.941748205728887289e-01
5.920464063440660230e-01
5.982322763632569318e-01
5.995454075966618612e-01
5.976166042651618326e-01
5.923215143365755386e-01
5.958327896034243398e-01
5.950728449186313274e-01
5.979235572187778791e-01
5.972964112773487821e-01
5.966693293140332699e-01
5.955086452273807840e-01
5.963689805577661041e-01
5.966098958709937783e-01
5.961018637498678441e-01
5.973224678268167498e-01
5.969525477577322103e-01
