5.323031955647893332e-01
5.430697737572776074e-01
5.483185922620913422e-01
5.372862946077384683e-01
5.356979306299481935e-01
5.335027827593664673e-01
5.380335912240857832e-01
5.345354045983023994e-01
5.338084410127846846e-01
5.371624558273334626e-01
5.352032933870223275e-01
5.376290725988179808e-01
5.391688036088386760e-01
5.402149040152779413e-01
5.432934445124785183e-01
5.417867060996125472e-01
5.388370942135268793e-01
5.397970925554060884e-01
5.417427930826484994e-01
5.398580448586577374e-01
