3.961220445282768177e-01
3.965149542008794548e-01
3.919060923089206505e-01
4.038473954765295915e-01
4.032682590513022580e-01
4.067747203017702540e-01
4.045236173029675975e-01
4.015575307770670177e-01
4.016626314976653456e-01
4.052159211671863548e-01
4.083139553456409110e-01
4.089233890386358428e-01
4.065731649129532554e-01
4.048309758261963709e-01
4.028145120689213821e-01
4.042493018494421331e-01
4.018929666318826754e-01
4.015301318928530261e-01
4.022366677727178264e-01
4.038854436693568029e-01
