4.128041484524402338e-01
4.148315851139505739e-01
4.041755628486732310e-01
4.078599394900265240e-01
4.004209931858382920e-01
3.924803149086237286e-01
3.982264187456575066e-01
3.937869135273119325e-01
3.922067251321229575e-01
3.987545489298991996e-01
3.936068605749060700e-01
3.943343698148453202e-01
3.947774110189086749e-01
3.965103967266649931e-01
3.931427912370095146e-01
3.966832135923836766e-01
3.971064855976703667e-01
3.950695111176258933e-01
3.939616665179035970e-01
3.943284330206565658e-01
