3.952744222312775668e-01
3.979667942767100564e-01
3.945718224885421122e-01
4.058362001366089822e-01
4.037811006977755635e-01
4.090659838064336085e-01
4.164414160769333018e-01
4.228363309468151088e-01
4.185689078961757903e-01
4.168957266767008285e-01
4.129165275766156773e-01
4.093198856088442472e-01
4.083874415557021131e-01
4.111832300739919899e-01
4.128534242744106852e-01
4.102851508009371928e-01
4.115729456285535659e-01
4.077311807183456871e-01
4.076856094082672577e-01
4.086061794962699834e-01
