5.393450126622196805e-01
5.411684328387498244e-01
5.495504992771794717e-01
5.405736514583552310e-01
5.291074685726122606e-01
5.332681400242699210e-01
5.359424382801329934e-01
5.361011258162741155e-01
5.379837687825266279e-01
5.387819284071075909e-01
5.416919098530464938e-01
5.416003442040774329e-01
5.446929082427318658e-01
5.465174348096124568e-01
5.487694718111361114e-01
5.503111702269432026e-01
5.488131563427677273e-01
5.513100435862329229e-01
5.512601021852819860e-01
5.517899721398464852e-01
