4.120700792073099805e-01
3.879223826288138444e-01
3.926225483913616254e-01
4.088194340949132810e-01
4.070967591794067419e-01
3.903519830487338638e-01
3.968993450923152255e-01
3.966726336945311515e-01
3.978461835392591572e-01
4.011188859538550311e-01
4.008710879075325084e-01
3.996442895206129831e-01
3.978280456596002823e-01
3.994489857346797401e-01
3.955961909047720493e-01
3.967129089971115352e-01
3.954683421661236986e-01
3.959657341886467230e-01
3.961640699564891177e-01
3.978124646073847304e-01
