3.589928669689038676e-01
3.706686532742486384e-01
3.910165340508003351e-01
3.825268964498603763e-01
3.817027052830024303e-01
3.884764518343524209e-01
3.813998137702410141e-01
3.827533153394198084e-01
3.867111096414554416e-01
3.909746069790709933e-01
3.900200886611793205e-01
3.898658235403740235e-01
3.874181711853909027e-01
3.862527244292932593e-01
3.876466153794956293e-01
3.879575119571599950e-01
3.868796933210708056e-01
3.903073098290852361e-01
3.922562301451790745e-01
3.923444085001279724e-01
