4.194554204668914377e-01
4.070253418318205973e-01
4.112712071119293267e-01
4.017160792343738573e-01
4.014463877384127910e-01
3.979132302476954819e-01
3.929793104579789587e-01
3.926627380691772862e-01
3.909673220793654647e-01
3.929311905528116156e-01
3.900639798239231570e-01
3.874565266355556870e-01
3.900704419456157979e-01
3.901714814759259520e-01
3.908617944696761715e-01
3.887914021143513699e-01
3.900575342812064861e-01
3.904050852757323664e-01
3.893954976744538055e-01
3.916518823114609194e-01
