5.983531825732206766e-01
6.013244912905094663e-01
5.965604608508175977e-01
5.930494868410368658e-01
5.882685262043085839e-01
5.908217343856053683e-01
5.868762433879152196e-01
5.885253036657829284e-01
5.910074238093152577e-01
5.910076903503197476e-01
5.839462373763431025e-01
5.839762774900066900e-01
5.846902872057632150e-01
5.844355864937339495e-01
5.821508599377511750e-01
5.817793603403995650e-01
5.801912724943850685e-01
5.802233922387229903e-01
5.816329981843650909e-01
5.831816274591198335e-01
