6.364649020859879380e-01
6.215797600942734036e-01
6.080796963354416773e-01
6.104186820050765405e-01
6.059303355180000183e-01
5.988177657870534798e-01
6.021524556834858544e-01
6.056694303666670942e-01
5.996296501024591663e-01
5.999006134429269999e-01
6.011289990580098719e-01
6.042303499261657551e-01
6.051989082142835708e-01
6.036131404360539632e-01
6.059367260329655558e-01
6.054946153880763626e-01
6.064631552255962399e-01
6.062174183861078758e-01
6.084783050110318392e-01
6.066286337906752202e-01
