3.632844153568823287e-01
3.379141383448976965e-01
3.700408377036847329e-01
3.836145996045992601e-01
3.887877788489567110e-01
3.892565781435651240e-01
3.854399364819501850e-01
3.828396199827671098e-01
3.856177405388102053e-01
3.884466085716416495e-01
3.889197775122827938e-01
3.897065902877321908e-01
3.884164951788561249e-01
3.909904202834279530e-01
3.864511217238354446e-01
3.860313184276402687e-01
3.848778842614291595e-01
3.851798775790539753e-01
3.837414935564494312e-01
3.855945128231946240e-01
