5.934449026453153531e-01
5.732370625402822828e-01
5.579802564993916469e-01
5.617288840452212551e-01
5.623044652104731700e-01
5.633415078900810835e-01
5.564534487156628240e-01
5.531412047645392072e-01
5.546082167423042053e-01
5.599525356009653621e-01
5.591553548219163616e-01
5.566065218993697661e-01
5.580566816314092016e-01
5.554128106434893519e-01
5.553991670905595868e-01
5.545155348159480635e-01
5.543953346815270189e-01
5.534435534224061426e-01
5.537132970581160052e-01
5.524233823316588854e-01
