5.653911016029881109e-01
5.767742822045125450e-01
5.817895669252129975e-01
5.796379484369738044e-01
5.804731140010780388e-01
5.762765495512833791e-01
5.722743705843426065e-01
5.742240666996734078e-01
5.761432358494600336e-01
5.780221108986778322e-01
5.823427002483847481e-01
5.790883062324448938e-01
5.767245340522523245e-01
5.753334829803066208e-01
5.747155727759829524e-01
5.737582433294958761e-01
5.720267411607311558e-01
5.709092723899671373e-01
5.699064266993820738e-01
5.727001524901854657e-01
