5.531274218705313217e-01
5.428307427324539081e-01
5.524290043921613602e-01
5.623873475110814368e-01
5.651557981369267347e-01
5.602301235188336115e-01
5.610525810490284426e-01
5.630656065367113383e-01
5.573156109811326919e-01
5.554576154299416535e-01
5.538690590834947081e-01
5.526995160638007443e-01
5.564339639236146606e-01
5.566519875055494504e-01
5.548092294915645262e-01
5.549965482506928893e-01
5.560384024016787885e-01
5.540259539548615386e-01
5.547449839117316595e-01
5.524408676984788880e-01
