5.181624135005550302e-01
4.949595336925973754e-01
5.271033276254828426e-01
5.266840389807949663e-01
5.269536952537429153e-01
5.334826470292203249e-01
5.389128343802401799e-01
5.419941473924404507e-01
5.411760624879673465e-01
5.394268236238874970e-01
5.376340095751053205e-01
5.359569329343704114e-01
5.366572999550962564e-01
5.350818018588958669e-01
5.391958652125846685e-01
5.422422061541831706e-01
5.426226760905483726e-01
5.402202822058796983e-01
5.394756822998639789e-01
5.381068493927081420e-01
