5.972133016156151442e-01
6.279552492734699065e-01
6.051906532952715523e-01
6.082950260881259119e-01
5.990758587128173218e-01
5.973948062763152489e-01
5.966945655568128837e-01
5.961162087131699483e-01
5.887476045331146990e-01
5.871279399575252134e-01
5.873780593777448988e-01
5.878700454596552660e-01
5.883063810779068925e-01
5.898210444622326021e-01
5.885559190289765263e-01
5.852594737935391533e-01
5.863782092498582843e-01
5.891303158415893693e-01
5.906718438167140039e-01
5.907054308013324206e-01
