5.373467866126147019e-01
5.225662760478095858e-01
5.369488495772064551e-01
5.449895520194091292e-01
5.375972670931417063e-01
5.340165070494209409e-01
5.328063725891294400e-01
5.255584504718748828e-01
5.320387566313250494e-01
5.335955204709647015e-01
5.386388905852413922e-01
5.393165397346895151e-01
5.403432494870601399e-01
5.433879839609092599e-01
5.429746737278619007e-01
5.448737471846503144e-01
5.450123095846202137e-01
5.461035098088993234e-01
5.438856140815188089e-01
5.461056323521437106e-01
