4.684131152408639864e-01
4.654831078731476168e-01
4.612754288186011742e-01
4.597741654518214816e-01
4.613180322131070765e-01
4.634984383611078784e-01
4.695237478337419001e-01
4.755945012276425743e-01
4.781553844003764153e-01
4.771362784095357634e-01
4.740606423544984072e-01
4.739713310526471601e-01
4.769915722702675609e-01
4.790432608281999793e-01
4.814497436596575919e-01
4.812857467166636871e-01
4.797073980581321173e-01
4.794448210801373067e-01
4.798058961317869242e-01
4.790099222187756967e-01
