6.096083903546077876e-01
5.733000761986550842e-01
5.597413933918267137e-01
5.546180757471230738e-01
5.469877551830243378e-01
5.408755678745178486e-01
5.393296120052025744e-01
5.378686356013617775e-01
5.398008728171800330e-01
5.442185027812247444e-01
5.435896098443981916e-01
5.445408372000969388e-01
5.481277848473267156e-01
5.486233858335023417e-01
5.499171549679668924e-01
5.491579873915248822e-01
5.488555670838138889e-01
5.488748829490996961e-01
5.493040362175913849e-01
5.503782091226538942e-01
