5.953676766110257423e-01
5.713440772605460349e-01
5.762287727858944608e-01
5.755669856629782588e-01
5.758418087217886949e-01
5.731638434914247959e-01
5.712303076998710427e-01
5.724259114016916339e-01
5.713389135326141233e-01
5.709391666932985832e-01
5.708453503702409781e-01
5.649324838021529960e-01
5.677044950256605604e-01
5.690228477166084931e-01
5.688179315509527267e-01
5.678424047122654361e-01
5.728217071212455824e-01
5.751929258460773964e-01
5.751054498472092380e-01
5.770553651706250564e-01
