5.624450693989877514e-01
5.803286770828361973e-01
5.739970654991111143e-01
5.737159840879677564e-01
5.726879877353968640e-01
5.712511306932516186e-01
5.613920944606247687e-01
5.663514651445029635e-01
5.674321275799587561e-01
5.671595501154563790e-01
5.621438389788517842e-01
5.620371999618536396e-01
5.578380074382859322e-01
5.589381343261550228e-01
5.629584573752638432e-01
5.622595670226662179e-01
5.593635785390783655e-01
5.553723740241338636e-01
5.544135966546545058e-01
5.539445303093433193e-01
