6.031021610951451395e-01
6.155904000186011027e-01
6.131991245343798580e-01
5.971369237569221777e-01
6.035029915869423167e-01
6.014434845921418082e-01
5.918341552277993634e-01
5.866214023498679264e-01
5.847223492341808715e-01
5.870118078622120761e-01
5.907431424054726543e-01
5.905839374209742587e-01
5.870385055129695440e-01
5.871863313773079129e-01
5.849973132110812823e-01
5.862368130993644844e-01
5.854460476482004072e-01
5.867788113607205203e-01
5.873818909819363832e-01
5.877753719061539206e-01
