6.231808555294976459e-01
6.024513908806730100e-01
5.974704459441303461e-01
6.004012859107323852e-01
6.057833276538445721e-01
5.989345775837812136e-01
5.955764182033549403e-01
5.942767043307367603e-01
5.891452043628903068e-01
5.855153739188185824e-01
5.834480705575566528e-01
5.856330658595200189e-01
5.872751440967045600e-01
5.872491777048320927e-01
5.890634827509185767e-01
5.894399878540949045e-01
5.909509183250230002e-01
5.891447140221677259e-01
5.915024833641594482e-01
5.894524647651875338e-01
