4.361253509238434689e-01
4.244454502046918210e-01
4.245722469944975264e-01
4.211805580829488527e-01
4.285865490602929206e-01
4.219899033295245183e-01
4.183678177967665723e-01
4.192296912127804753e-01
4.215363749123061110e-01
4.222496070507570920e-01
4.217298136736515324e-01
4.214733903788961400e-01
4.245127605464543707e-01
4.285807054807133087e-01
4.302562128933271057e-01
4.309689125244541286e-01
4.328671285688590054e-01
4.365484606898754061e-01
4.371358291846267896e-01
4.361202634125455613e-01
