4.025370150382617807e-01
3.947292772941253247e-01
4.141059265218395846e-01
4.278878628392408512e-01
4.274229600341831192e-01
4.274608833940713448e-01
4.141377630071551574e-01
4.093028968774965470e-01
4.083336897003041477e-01
4.081309740029827604e-01
4.091411128178260026e-01
4.134996777691744563e-01
4.135239297649721535e-01
4.126892265489753853e-01
4.116739661399521633e-01
4.098107071036696247e-01
4.114123981365998550e-01
4.122253131471899090e-01
4.122246174712428934e-01
4.140981890241176577e-01
