4.729761025470454183e-01
4.897847427238444240e-01
5.059872070952263767e-01
5.019082107863938047e-01
4.936628789426820707e-01
4.999738274218302192e-01
5.023515484794895958e-01
4.969463412125153523e-01
5.020308896913964203e-01
4.999962244913230824e-01
4.994220661534066741e-01
5.020247347350245137e-01
5.029467612125497755e-01
5.055113078707835772e-01
5.039892627489070964e-01
5.016199939273104924e-01
5.011440210671959106e-01
5.047195360145610987e-01
5.029330745361335619e-01
5.013767544669665011e-01
