4.110463729487604523e-01
5.233372674518127488e-01
5.453274174348855530e-01
5.398580448586577374e-01
5.335417963006473530e-01
5.243877772782470359e-01
5.384138476705702114e-01
5.323813854632891696e-01
5.427106221512711937e-01
5.517899721398464852e-01
5.381068493927081420e-01
5.375848770935361953e-01
5.521628155755202716e-01
5.491338574596599242e-01
5.454661201520132341e-01
5.521091267066645658e-01
5.537522344855481116e-01
5.524408676984788880e-01
5.524233823316588854e-01
5.504417463093483898e-01
