5.579388824647070200e-01
5.631172142657734359e-01
5.677577363091683704e-01
5.808150899959441116e-01
5.888664375268248818e-01
5.952174581104570095e-01
5.976320982642985280e-01
5.995991746122292243e-01
5.944306615303182051e-01
5.893112363347454696e-01
5.885682859057786986e-01
5.864103952352822668e-01
5.874803866458878643e-01
5.885582715725874436e-01
5.886999676739593790e-01
5.853103904997458695e-01
5.857218164851637487e-01
5.856237906466675858e-01
5.864367386209587973e-01
5.833620727280945939e-01
