5.519816166272932811e-01
5.609049826501339986e-01
5.489951297753369319e-01
5.454437717664794016e-01
5.570721860582832363e-01
5.621669631184530447e-01
5.589327581076036777e-01
5.567075770364633414e-01
5.601432209269455731e-01
5.575192654370600964e-01
5.544146724574727791e-01
5.552992840643591332e-01
5.552366766322507363e-01
5.539848839240681944e-01
5.537436429367180724e-01
5.533797651149046093e-01
5.551063309446714333e-01
5.557794811889226194e-01
5.539962303020486978e-01
5.521628155755202716e-01
