3.962775310648811722e-01
4.025744305250070765e-01
3.996121212203073703e-01
3.978776060892548205e-01
4.077171011989985661e-01
4.160148684722607126e-01
4.164885268157824116e-01
4.130216935354235619e-01
4.128838617045722525e-01
4.121627071556906996e-01
4.139656689664654721e-01
4.149203037646695957e-01
4.180984573908709812e-01
4.167371680244698617e-01
4.143176085213036708e-01
4.157491769356243538e-01
4.140464712999047392e-01
4.118010068395764334e-01
4.103553573685674860e-01
4.082144555480046177e-01
