5.816831746681809800e-01
5.801505229365574445e-01
5.815619574777431966e-01
5.866474196299411581e-01
5.882958633167522100e-01
5.827572275979052696e-01
5.847664081136463299e-01
5.843729588231554306e-01
5.802307942786026906e-01
5.808102143232063419e-01
5.801716929088837071e-01
5.749372881246660461e-01
5.756314726833122730e-01
5.755041247306298402e-01
5.736256711480638426e-01
5.749434787527636370e-01
5.752687624039088954e-01
5.755575907246853751e-01
5.775231211484976868e-01
5.791051685743713318e-01
