5.409035853702039987e-01
5.256173527816705437e-01
5.052188583979869696e-01
5.176472021255876799e-01
5.249466365140269541e-01
5.210563146938821388e-01
5.243263465104794907e-01
5.246745291304433234e-01
5.236192665629567644e-01
5.239595379137268472e-01
5.215298111552119087e-01
5.235872775377236055e-01
5.193101013527859910e-01
5.168473628043904755e-01
5.190648743990312619e-01
5.162196720286107432e-01
5.150601760434162513e-01
5.156132010665310794e-01
5.165269354127816070e-01
5.177762227525530836e-01
