5.012669462986879543e-01
5.103535242272368988e-01
4.977153077276811888e-01
4.883527490991945719e-01
4.926532437419149923e-01
4.891531602809984225e-01
4.956273916873331631e-01
4.888069558886308230e-01
4.945711282095046624e-01
4.895874047231915105e-01
4.884738272773972434e-01
4.903907450027506498e-01
4.895329292927259046e-01
4.870578895635537253e-01
4.863505307964429702e-01
4.879562749318561710e-01
4.921211578172632328e-01
4.943741465689630576e-01
4.940384887033671402e-01
4.921053367022432679e-01
