4.028220442064880946e-01
4.171189554411055544e-01
3.973405213439400452e-01
4.090128978572196705e-01
4.205382537448416613e-01
4.272346961353147843e-01
4.274300426848987589e-01
4.308098610104738602e-01
4.374027743498169474e-01
4.393161224922390029e-01
4.434325616205274101e-01
4.477277709190102262e-01
4.477458358898470658e-01
4.494458107007016645e-01
4.486518302486150467e-01
4.494158464996846902e-01
4.486809842235925383e-01
4.512648865047445002e-01
4.505981353152336832e-01
4.496950238941128108e-01
