5.668018181971605784e-01
5.804678402767499135e-01
5.836654115627935013e-01
5.702735922937502977e-01
5.790174857804754049e-01
5.803528522973399051e-01
5.736998859991561117e-01
5.760734169639885049e-01
5.769834205520386616e-01
5.793398265880174147e-01
5.768137422426258265e-01
5.744635682218306449e-01
5.698667349049334474e-01
5.723172930973785544e-01
5.696475997311332140e-01
5.690146885589593140e-01
5.719745185824497424e-01
5.713960122163369570e-01
5.720950824248006716e-01
5.702866949023694954e-01
