5.268603346133438059e-01
5.193855623205043681e-01
5.047597096224158975e-01
5.169579688196938028e-01
5.231516247248733098e-01
5.241360622829865923e-01
5.209603738839281295e-01
5.239570052481357099e-01
5.201107217004042882e-01
5.211185949904187931e-01
5.181396670730390452e-01
5.172000355986566822e-01
5.193471753156677639e-01
5.193809278595409307e-01
5.186738228921581317e-01
5.204846759119492461e-01
5.201476576754220371e-01
5.199549704536461370e-01
5.196358681077605235e-01
5.188270176513517518e-01
