5.641133697507576539e-01
5.703948519406990547e-01
5.741524860385288642e-01
5.831046519176121823e-01
5.854385394890928573e-01
5.832024696779963824e-01
5.847764007925693175e-01
5.853088587242539775e-01
5.825855808059385854e-01
5.766393432318758228e-01
5.784597582608701494e-01
5.791677127292448324e-01
5.852402357584187698e-01
5.876351080555186623e-01
5.862588212203703186e-01
5.868005488224411481e-01
5.846189425325265532e-01
5.878853884103657501e-01
5.881210260776128518e-01
5.901246032389610985e-01
