4.641700590487510270e-01
4.735624295598024336e-01
4.842176324418852040e-01
4.972827767652482356e-01
5.005348472619424172e-01
4.916091613728015286e-01
4.878237483229538873e-01
4.839442965016078069e-01
4.850361719028545293e-01
4.872746781430301044e-01
4.877154313411170006e-01
4.847484553941243668e-01
4.875678673229728588e-01
4.884588226042345660e-01
4.849562529716480719e-01
4.853983091874490841e-01
4.878907282464003403e-01
4.880506678575863289e-01
4.878587035389989057e-01
4.892844182404376130e-01
