5.557850336426678473e-01
5.763166624297373364e-01
5.698218025786373486e-01
5.754374428708850520e-01
5.669428253974009291e-01
5.665817824498107225e-01
5.719893325344685975e-01
5.756721639701315452e-01
5.772526198461245261e-01
5.819810594803105364e-01
5.865411394717268134e-01
5.827226533367161343e-01
5.847719928875535489e-01
5.839578915229201028e-01
5.843601867028335173e-01
5.865465578569764027e-01
5.864746883216911399e-01
5.872890477121676112e-01
5.882563344861529986e-01
5.893598078890449621e-01
