4.419280656052059220e-01
4.497506570713325491e-01
4.504166935488356782e-01
4.441926009642604978e-01
4.380329896349134389e-01
4.310834407171040272e-01
4.387410283811764011e-01
4.447109962302495112e-01
4.445787653447151322e-01
4.458029194773917014e-01
4.449325286569699722e-01
4.432533094996295442e-01
4.444336015930208661e-01
4.435550081538325307e-01
4.460840265734068999e-01
4.464692181731581000e-01
4.467156564274861741e-01
4.501017409293537885e-01
4.479342279935300541e-01
4.443790141148900585e-01
