5.835334664403201144e-01
5.840815802259792244e-01
5.853809769267739327e-01
5.897351607883773994e-01
5.894001520301745956e-01
5.879473454264650956e-01
5.876849017348272364e-01
5.888655477693187645e-01
5.887018062063117396e-01
5.919846513871787064e-01
5.925044447756525612e-01
5.892922952153489824e-01
5.903352257649892021e-01
5.912987384795648227e-01
5.917733277037197093e-01
5.912129575518321190e-01
5.872695692826220837e-01
5.888876787272252500e-01
5.903624755966380144e-01
5.893313454493618320e-01
