5.836629613069704847e-01
5.697223873702081942e-01
5.414120008673565243e-01
5.385781683196313452e-01
5.372612014905585598e-01
5.434631101392471964e-01
5.423406017917644650e-01
5.456484485363235493e-01
5.422137159354402103e-01
5.437154651488887991e-01
5.458095866702443733e-01
5.481716404070308135e-01
5.485348598054097247e-01
5.484678203026750465e-01
5.478034360644935541e-01
5.480353016222305751e-01
5.515302373414622261e-01
5.485740909332782467e-01
5.495446430099240054e-01
5.504417463093483898e-01
