5.321862096055103297e-01
5.138290797730250548e-01
5.165438413647565064e-01
5.186608092435854855e-01
5.205484916584238730e-01
5.218979182900729263e-01
5.236203405241071085e-01
5.204118171127084524e-01
5.186655616507245270e-01
5.226555407128189445e-01
5.226792406396071344e-01
5.219589506755162311e-01
5.192515428990052140e-01
5.229870544788239872e-01
5.232096515590146657e-01
5.227804755503014933e-01
5.220560818576924778e-01
5.194879096167038801e-01
5.188223434082182006e-01
5.193875228552810031e-01
