5.419526909860128416e-01
5.003634836923442908e-01
4.929514364922695790e-01
4.931824386177310338e-01
5.007391232557859562e-01
5.129237174257558207e-01
5.135920913520805042e-01
5.149812239347975051e-01
5.147415868756411994e-01
5.164589083959172378e-01
5.154313958426929299e-01
5.170460069447241347e-01
5.179220295373121452e-01
5.160555504488792966e-01
5.138725718934111786e-01
5.160736346125652796e-01
5.142377373290925036e-01
5.151743425141703803e-01
5.144685689899528569e-01
5.146798653976060178e-01
