4.936582245447416750e-01
5.081148043760559396e-01
5.161182866051629015e-01
5.204265077281448049e-01
5.225585366459537529e-01
5.292790670139749798e-01
5.257003322524052003e-01
5.268768820488166638e-01
5.265056259896008228e-01
5.230461754197821556e-01
5.180418742027727008e-01
5.216961107431492550e-01
5.216717190533854964e-01
5.215567225955549668e-01
5.221419708507801793e-01
5.216565528528678275e-01
5.237667829616211579e-01
5.213184247044438946e-01
5.211707445495027402e-01
5.228072986573535363e-01
