5.960118177238578063e-01
6.136721300786180944e-01
6.195809144483011011e-01
6.029244785519319860e-01
5.988099192218945266e-01
6.011858357949066978e-01
5.979597287183864296e-01
6.010083909408645564e-01
6.027878331698235392e-01
5.972660462982886109e-01
6.002765124125052365e-01
5.959397282723448708e-01
5.948338739685967713e-01
5.956492378088951156e-01
5.987921329082100952e-01
5.998391902084823091e-01
6.003037223805822720e-01
6.006180417537572147e-01
6.006861773760580059e-01
6.004602670918299800e-01
