5.197285954168981981e-01
5.265539282348430383e-01
5.308813376175377519e-01
5.319997218625172053e-01
5.343581109994963718e-01
5.430989330897614265e-01
5.417147224644681680e-01
5.472222751731834478e-01
5.481104990335585736e-01
5.488207829840472396e-01
5.450376587381079441e-01
5.460956630395129574e-01
5.430988805896859173e-01
5.403806931825901883e-01
5.382232313129247103e-01
5.335020063642025301e-01
5.340468302410738000e-01
5.334904363447209308e-01
5.334223860033935338e-01
5.323813854632891696e-01
