3.640355224796119615e-01
3.648575508539566026e-01
3.703307158033226076e-01
3.671902696510407904e-01
3.742555027413765334e-01
3.758000916010564851e-01
3.741849242886872706e-01
3.796466097332140688e-01
3.755743668842082550e-01
3.769751808108660063e-01
3.786799679394314833e-01
3.808558091173370741e-01
3.803937007506814627e-01
3.828514302263970603e-01
3.825028240261927892e-01
3.825271599290822611e-01
3.830947213234728310e-01
3.821980379054518151e-01
3.838239688098334934e-01
3.861300786752920877e-01
