4.335530044665579230e-01
4.610563522067727127e-01
4.662404458287685571e-01
4.629856443827904400e-01
4.613724308054657497e-01
4.664976699475422706e-01
4.653796704340696366e-01
4.654309215149202705e-01
4.681370845118766888e-01
4.720138643045506122e-01
4.726310796564180960e-01
4.733374878951561726e-01
4.728043454025728787e-01
4.708003681709614363e-01
4.696381518338167416e-01
4.726869994229763172e-01
4.735156281695852010e-01
4.743435796111791780e-01
4.777034742849154414e-01
4.771851561927645813e-01
