5.389501130366204373e-01
5.512258701279508788e-01
5.702573785513225246e-01
5.780571167055548187e-01
5.851580267108499323e-01
5.849734212430023339e-01
5.897858456229201352e-01
5.940820734643184053e-01
5.906796187671229381e-01
5.874384360091421398e-01
5.877489013977668098e-01
5.862978442984270178e-01
5.860846386792599727e-01
5.848597404109981968e-01
5.866810509144914088e-01
5.893187101812427109e-01
5.896562756060843569e-01
5.901322869178731167e-01
5.893228608509982758e-01
5.892821963834729004e-01
