5.699445358100623249e-01
5.672049840777746432e-01
5.864208652257230092e-01
5.776209613224840833e-01
5.690342817059537150e-01
5.704893618609170325e-01
5.727148545435112315e-01
5.726539401118349026e-01
5.738717373906034869e-01
5.769814022229391437e-01
5.825103125105978163e-01
5.843958085335677621e-01
5.846930931767914119e-01
5.854688213532140972e-01
5.846170699878592281e-01
5.840690406287597503e-01
5.836559693056941889e-01
5.826315849898924260e-01
5.833695866496140248e-01
5.826558863391759768e-01
