4.127821658901624224e-01
4.101566158867813172e-01
3.931754768054895877e-01
3.987867237031393342e-01
3.980454966682049900e-01
3.886946754388875824e-01
3.956342967059355842e-01
4.016913839599232094e-01
3.963984556208725030e-01
3.933983244164970250e-01
4.012330739240708710e-01
4.035048008544087073e-01
4.022974292488525894e-01
4.012374792039196669e-01
4.027717843730229119e-01
4.031256322010614568e-01
4.051583655617229107e-01
4.020175581241043350e-01
3.999892228132291838e-01
3.996765742010118805e-01
