5.070412342435940412e-01
4.831111067008986293e-01
4.820001898155423792e-01
4.742568815228606072e-01
4.735914249491415262e-01
4.717445788054599465e-01
4.750051975600237397e-01
4.769561283486953296e-01
4.850227332140481518e-01
4.861766651146184337e-01
4.874655066842553119e-01
4.834850712196736011e-01
4.845792435852522839e-01
4.830571004625320852e-01
4.852501433677259834e-01
4.858775250099634513e-01
4.828942386974315326e-01
4.805182482060952887e-01
4.828566873024113248e-01
4.837185406901959861e-01
