5.645839843660921398e-01
5.805751689255862491e-01
5.667829604164702495e-01
5.610739347822570888e-01
5.599147746939812098e-01
5.633923566499686730e-01
5.637982700161670024e-01
5.666529689905296374e-01
5.694394471416069914e-01
5.714650376726051473e-01
5.768432422169849083e-01
5.736571459636735648e-01
5.781554446036551997e-01
5.774817752000495075e-01
5.783028641067996523e-01
5.773568711329822856e-01
5.792521015488230063e-01
5.783222585912488611e-01
5.769670643861868342e-01
5.789728307479402591e-01
