4.932625020450948639e-01
4.613141968690360750e-01
4.584171005590657599e-01
4.603682662386162638e-01
4.574928326183133054e-01
4.510861485532632886e-01
4.522354473632858585e-01
4.543085460638711659e-01
4.552057688023281590e-01
4.489566093188795959e-01
4.527520681716507567e-01
4.541142333346432913e-01
4.520504559267797262e-01
4.516117541213248709e-01
4.499383519025942357e-01
4.478102448747370845e-01
4.447652078978537871e-01
4.469482765432216120e-01
4.479551322197964924e-01
4.466134087233071814e-01
