5.277719876909978680e-01
5.274695507990354582e-01
5.421883057419606411e-01
5.481830466076345054e-01
5.570426853286991609e-01
5.567799653682329319e-01
5.627809359484203799e-01
5.607047873574710906e-01
5.596340832490747097e-01
5.600467147615633134e-01
5.581522456679212096e-01
5.576261803354410906e-01
5.556349316148233575e-01
5.539266484588034611e-01
5.547396808276129354e-01
5.532328726123383333e-01
5.525570386366331910e-01
5.510070800479320852e-01
5.527507554886862406e-01
5.537522344855481116e-01
