5.748864561142540408e-01
6.044316770108653092e-01
5.908632833577912580e-01
5.819748807798600376e-01
5.790392953943566123e-01
5.785240126412461992e-01
5.809706162455323675e-01
5.881527851606754842e-01
5.934887900325045429e-01
5.976226063012157752e-01
5.963217266466968036e-01
5.941257215785328283e-01
5.972662060074080959e-01
5.959531778807781732e-01
5.918186181740198171e-01
5.903142092097182214e-01
5.892266490742575913e-01
5.901387449189029466e-01
5.917363706483337316e-01
5.927024536394326359e-01
