4.148112692898308640e-01
4.014449010831566689e-01
4.094649141764137301e-01
4.206062666737034328e-01
4.180890957393111895e-01
4.172712417072733104e-01
4.244844757858963757e-01
4.266172705234715368e-01
4.264209772762554973e-01
4.271073059027020724e-01
4.283802710563893168e-01
4.254432307455326412e-01
4.299752766679865723e-01
4.298104561366805632e-01
4.280757297144749951e-01
4.263991114301105556e-01
4.268869396474732070e-01
4.271721441390182727e-01
4.272229717086314937e-01
4.261546558727197231e-01
