5.674238118009730103e-01
5.905348001099135491e-01
5.860281119310360998e-01
5.921227092282286275e-01
5.845852512519726929e-01
5.909719332859010299e-01
5.893531711763205783e-01
5.989309643794880067e-01
5.930925565299590696e-01
5.904404483617520238e-01
5.965665568672829933e-01
5.965486745240334843e-01
5.920998043006769906e-01
5.914264836976733664e-01
5.902981067305227425e-01
5.900473092020985799e-01
5.893182562839476279e-01
5.876962798090145101e-01
5.897914433808084667e-01
5.904733167073350497e-01
