4.318319699060621519e-01
4.283462135609877874e-01
4.339809032632378494e-01
4.510981916605728559e-01
4.393152800476806119e-01
4.424105585967426646e-01
4.422216026660940602e-01
4.465222134394608577e-01
4.487432800348939987e-01
4.424353971991308865e-01
4.436035884661201356e-01
4.440178746738582816e-01
4.476396796632723385e-01
4.470701348575858991e-01
4.430128328358540757e-01
4.426027396251156487e-01
4.427636445634945961e-01
4.430286577614939159e-01
4.427247460741399188e-01
4.460316618759133656e-01
