5.553530662242484039e-01
5.732248474245792424e-01
6.004670686197689511e-01
6.041569533891840704e-01
5.897867630925550664e-01
5.835883843865047327e-01
5.925429466341458618e-01
5.898710474390840286e-01
5.886330294048565115e-01
5.901872551048149562e-01
5.879274042895896724e-01
5.854867242966826923e-01
5.869558858465363516e-01
5.873962149432733204e-01
5.852237577304192362e-01
5.848468512334072944e-01
5.865588193163180364e-01
5.881406328971786612e-01
5.860049865199146168e-01
5.867446088314060004e-01
