6.138983567322762180e-01
6.114958021998984083e-01
5.909652403793678177e-01
5.842527486880861876e-01
5.798911906110484349e-01
5.787251895544898161e-01
5.740189011914097472e-01
5.765639099227957143e-01
5.828465845804662315e-01
5.850185692793757886e-01
5.805156730430981460e-01
5.777167325538666853e-01
5.768433705155029401e-01
5.753418843819317896e-01
5.759873665668033826e-01
5.751856543182440884e-01
5.728449221907278011e-01
5.707513352532682660e-01
5.722446815226767125e-01
5.703549407689595396e-01
