5.925057455462373612e-01
5.750800259641652978e-01
5.692970888512002281e-01
5.738484763490421248e-01
5.760618686119958198e-01
5.687777574160539640e-01
5.654839465245656838e-01
5.640559012194075184e-01
5.657192813340866655e-01
5.659162214219620735e-01
5.663550282361324850e-01
5.639748520685066158e-01
5.658899125916406758e-01
5.695131960708832430e-01
5.693003287707418814e-01
5.688364755490461500e-01
5.704135988179621641e-01
5.700278421057651812e-01
5.715165016850463076e-01
5.717964764444841697e-01
