5.398142653274823344e-01
5.403341249153615911e-01
5.412336193531940287e-01
5.373882202619189030e-01
5.377456380604825892e-01
5.356404813004790322e-01
5.419102834238208599e-01
5.411832283987797476e-01
5.408416515289340420e-01
5.420823112052313153e-01
5.457016716128602063e-01
5.436777621697032048e-01
5.423792187068146031e-01
5.454380064782272663e-01
5.455464730614807412e-01
5.479602794174862623e-01
5.495575538185181186e-01
5.509085679521281698e-01
5.489120814538342996e-01
5.496106335738180082e-01
