6.615206566666362864e-01
6.360753222313750843e-01
6.264553638461191065e-01
6.113293530766654715e-01
5.961427853601461990e-01
5.905684698713370429e-01
5.937638415480065435e-01
5.971740411965724693e-01
5.888432836515485880e-01
5.884441498978359997e-01
5.898845812300886893e-01
5.908317896441660499e-01
5.947082606275707617e-01
5.950489539965112540e-01
5.942651866651612602e-01
5.907402362177809341e-01
5.913744274233274645e-01
5.919075889354928899e-01
5.913466731224694684e-01
5.904301788052298550e-01
