4.802805079500117036e-01
4.906614796323216510e-01
5.109706331734168439e-01
5.024006341340822024e-01
5.044563945362641189e-01
5.126945818508681363e-01
5.139725005218837017e-01
5.095203345451153609e-01
5.084219071092525022e-01
5.075518970379397921e-01
5.053019889167901235e-01
5.075108408946826799e-01
5.088660368782335075e-01
5.074571727122779707e-01
5.058990546982099490e-01
5.064802108968859962e-01
5.053542225961663581e-01
5.062914370252751262e-01
5.076664900492371402e-01
5.074072938629727858e-01
