5.223051666419207262e-01
5.403244562867812739e-01
5.368604845642775958e-01
5.441954185790169873e-01
5.426872590379430150e-01
5.510266944523780630e-01
5.468677189320908516e-01
5.476993681836430650e-01
5.448800956460181366e-01
5.438427219751093000e-01
5.435256782006726572e-01
5.369361214196494148e-01
5.392530848857708392e-01
5.385617001835639739e-01
5.389862647777278193e-01
5.406429254210182167e-01
5.401544700764100426e-01
5.391832910940802526e-01
5.411680866307894133e-01
5.422257228992134470e-01
