5.579624702424308413e-01
5.255888946027555964e-01
5.284023616681344793e-01
5.341165422438437504e-01
5.375003303794626541e-01
5.422410576418349448e-01
5.394187255526134983e-01
5.421098769794531202e-01
5.400267408323868867e-01
5.387025559002576180e-01
5.389800850972594759e-01
5.377527090684732780e-01
5.370693105657027289e-01
5.375761550570824499e-01
5.406320736632885815e-01
5.400672827119379349e-01
5.412430839239867897e-01
5.400407325527626368e-01
5.400806144831151734e-01
5.427106221512711937e-01
