5.788783499022991386e-01
5.519083386592513740e-01
5.698088528412582621e-01
5.524734059168244782e-01
5.443214497258903606e-01
5.529464775787790165e-01
5.494625976086729979e-01
5.561377213791602880e-01
5.565500124054850728e-01
5.527242582187243958e-01
5.485209385191297526e-01
5.493236984453687688e-01
5.516403824778191023e-01
5.456753708303466732e-01
5.437833561590127429e-01
5.436399274891784428e-01
5.446914734840705430e-01
5.476574603362863725e-01
5.493111769963539004e-01
5.480545758906800735e-01
