4.559352340912511403e-01
4.547787801292395571e-01
4.538234629581996415e-01
4.581478033157154739e-01
4.615146438533638262e-01
4.650760241141362328e-01
4.700699521833448524e-01
4.662935455137973140e-01
4.726160010529698585e-01
4.767838932527689311e-01
4.786632755410487605e-01
4.807586864482406575e-01
4.833009896263179561e-01
4.818920935391796667e-01
4.819444740702072405e-01
4.836611639129432261e-01
4.842322500021626897e-01
4.866880241778431260e-01
4.868210237169625088e-01
4.853632565311767344e-01
