3.626842546573872950e-01
3.960380495657858102e-01
3.784941524047344408e-01
3.836863307709718618e-01
3.940878941186221063e-01
3.924956523866057201e-01
3.974926637474791025e-01
3.975603521495837400e-01
3.982904061058051837e-01
3.993773537221715908e-01
4.018547700705426551e-01
4.033667084024988303e-01
4.069801429177501428e-01
4.054724263814389329e-01
4.055926130571030352e-01
4.040878320443325178e-01
4.024010061517596659e-01
3.968004535747040595e-01
3.985254204194667582e-01
3.940764075426226309e-01
