5.912506220901335707e-01
5.925717927796516626e-01
5.904554235404565476e-01
5.852994548169676570e-01
5.687240815952154804e-01
5.632936171536974124e-01
5.632966276122434168e-01
5.631672595978580720e-01
5.623487632977896000e-01
5.607578217823696587e-01
5.622767911331471025e-01
5.612110566789659805e-01
5.586149706783105628e-01
5.590740707279318045e-01
5.603979352582927342e-01
5.628765185966473350e-01
5.620488173315481006e-01
5.644028128646901843e-01
5.635013600114653354e-01
5.643421985200463009e-01
