5.308832607133324721e-01
5.509877759157572052e-01
5.426853090480959763e-01
5.507912403905311782e-01
5.504081320468990901e-01
5.503389060051374626e-01
5.491287942256635191e-01
5.451216386228141531e-01
5.418982181129318176e-01
5.441422513236969793e-01
5.487443925787264254e-01
5.444649910987401364e-01
5.474444413243330088e-01
5.472106668367884286e-01
5.478909065552737268e-01
5.459744415181615462e-01
5.445678305016957710e-01
5.458527896113412048e-01
5.458244665182043764e-01
5.453274174348855530e-01
