5.853556210091414025e-01
5.543420917269907822e-01
5.537503214715467914e-01
5.627883168513548862e-01
5.639807408517837350e-01
5.560962385442717038e-01
5.518004556038642594e-01
5.495782131902189338e-01
5.468944339001761135e-01
5.462956883517972040e-01
5.469911605038845215e-01
5.477764226281528481e-01
5.513868537203434617e-01
5.528187446002605920e-01
5.476696332147992230e-01
5.457703738778973968e-01
5.484984632007324779e-01
5.511540382975611552e-01
5.499118284316101279e-01
5.521091267066645658e-01
