5.798766269271521390e-01
5.956348896728518305e-01
5.837853467275854191e-01
5.783850461754181937e-01
5.725427965979944522e-01
5.827601414841386829e-01
5.892440523233600791e-01
5.909053566562876281e-01
5.905801881393670794e-01
5.876356649075753502e-01
5.898779448527209368e-01
5.871237778933029450e-01
5.840231394601640424e-01
5.859538492291759271e-01
5.833174433918312252e-01
5.837456064422957835e-01
5.824277976128255929e-01
5.835678071070742323e-01
5.833996794721286738e-01
5.820486625326021235e-01
