5.298963559208036411e-01
5.387843291719298655e-01
5.489141968750338441e-01
5.400588772270656923e-01
5.302743743819107181e-01
5.278199733236598190e-01
5.231646505054931007e-01
5.176293754655814094e-01
5.213924063507624496e-01
5.254344190987633167e-01
5.248481921244754211e-01
5.190639464376446410e-01
5.194574451394691206e-01
5.201699636971263141e-01
5.222544855088641080e-01
5.241019633145640455e-01
5.233391186588480792e-01
5.226635813259689067e-01
5.222160467069109080e-01
5.243877772782470359e-01
