5.507451518355568343e-01
5.343140431888759867e-01
5.338632773331976056e-01
5.395702554716095278e-01
5.377807888808079362e-01
5.410141839810446163e-01
5.435122554565421371e-01
5.375491018025322365e-01
5.390953003354010953e-01
5.353455592674843944e-01
5.367077906860845404e-01
5.342325182969670516e-01
5.367202473671954799e-01
5.367278645676789584e-01
5.347657886202218380e-01
5.340817357210294603e-01
5.342785714394500118e-01
5.326158875383130153e-01
5.323374518959290702e-01
5.335417963006473530e-01
