5.728741196029620841e-01
5.944054638536699908e-01
6.060882873595142550e-01
6.089317332752094414e-01
6.238544166461508222e-01
6.266090380030319151e-01
6.239261375180310543e-01
6.183758556691048014e-01
6.149802367630260447e-01
6.184511394757939984e-01
6.152636559504528480e-01
6.104552891324105390e-01
6.095104551200012377e-01
6.094519170768329941e-01
6.084354029741577685e-01
6.067546240164394256e-01
6.052381810317764010e-01
6.056686069449538357e-01
6.051323787093010331e-01
6.045261994809412176e-01
