4.459195346707165997e-01
4.184862060913419612e-01
4.254674652857015071e-01
4.429498616201381633e-01
4.395977009995553075e-01
4.390282972163849773e-01
4.481114885434692163e-01
4.449243950636399547e-01
4.428710627141137501e-01
4.423407163627296468e-01
4.394195479542624683e-01
4.404731482219810257e-01
4.422441654199185668e-01
4.431748427416983271e-01
4.407022272055696743e-01
4.393894432656321181e-01
4.394093558433287416e-01
4.387054642837838192e-01
4.361150370607498883e-01
4.353797457016000405e-01
