5.606366858579651113e-01
5.696292413326988768e-01
5.732032259845142308e-01
5.839068444576683836e-01
5.946556474120404667e-01
6.063828313919986668e-01
5.941137462818558701e-01
5.891414898759330665e-01
5.906747494578837854e-01
5.900121148212476019e-01
5.875014442934926029e-01
5.875527784813568966e-01
5.869337472521668486e-01
5.860010987109552927e-01
5.854882221326211944e-01
5.859026354075473897e-01
5.868553090978767539e-01
5.893264768407974197e-01
5.901682677304109781e-01
5.930978332079750448e-01
