5.987385756757876987e-01
5.834258645697416590e-01
5.885278092351826640e-01
5.787479166599331926e-01
5.719623508282598578e-01
5.704541876372315468e-01
5.724833983398446291e-01
5.789413846695179444e-01
5.788154121174682309e-01
5.846750075312054928e-01
5.845014466654979701e-01
5.821082412797279337e-01
5.825947174566239450e-01
5.787829816633207614e-01
5.795370390843525010e-01
5.821484540691586052e-01
5.809449088013819429e-01
5.848888405641738952e-01
5.838134805655673665e-01
5.835750040398018923e-01
