3.827154804288792622e-01
3.951766582087740121e-01
3.914098797906000460e-01
3.877120267682371280e-01
3.868228939850321679e-01
3.899760677845802714e-01
3.896673148371017636e-01
3.931294750881843547e-01
3.976137911750795562e-01
3.978872922943775814e-01
3.972294479209717566e-01
3.965930158984352638e-01
4.010828596863164619e-01
3.998264463741275088e-01
4.034667589759342587e-01
4.062598377971564645e-01
4.078835912356574278e-01
4.061176879235136594e-01
4.035559349944115581e-01
4.048451286612449462e-01
