4.528704894699984718e-01
4.599089117138877025e-01
4.527277919408063123e-01
4.738654177937117185e-01
4.789203763365209032e-01
4.796105913057291947e-01
4.804492246220984919e-01
4.788733448295181550e-01
4.801801934353719381e-01
4.825310808370976146e-01
4.868058104610387127e-01
4.894861875229190584e-01
4.906835652045334895e-01
4.909987221172482097e-01
4.881562634667456213e-01
4.853895972593136321e-01
4.845344810721013973e-01
4.827917523230318420e-01
4.846211675886918369e-01
4.833207899518625617e-01
